0	0	0	4
0.003921569	1	0	5
0.007843137	1	1	6
0.011764706	1	1	8
0.015686275	2	1	10
0.019607843	2	2	12
0.023529412	2	2	14
0.02745098	3	2	16
0.031372549	4	3	18
0.035294118	4	3	20
0.039215686	5	4	23
0.043137255	6	4	25
0.047058824	7	5	27
0.050980392	8	5	29
0.054901961	9	6	31
0.058823529	10	7	34
0.062745098	11	7	36
0.066666667	12	8	38
0.070588235	13	8	41
0.074509804	14	9	43
0.078431373	16	9	45
0.082352941	17	10	48
0.08627451	18	10	50
0.090196078	20	11	52
0.094117647	21	11	55
0.098039216	22	11	57
0.101960784	24	12	60
0.105882353	25	12	62
0.109803922	27	12	65
0.11372549	28	12	67
0.117647059	30	12	69
0.121568627	31	12	72
0.125490196	33	12	74
0.129411765	35	12	76
0.133333333	36	12	79
0.137254902	38	12	81
0.141176471	40	11	83
0.145098039	41	11	85
0.149019608	43	11	87
0.152941176	45	11	89
0.156862745	47	10	91
0.160784314	49	10	92
0.164705882	50	10	94
0.168627451	52	10	95
0.17254902	54	9	97
0.176470588	56	9	98
0.180392157	57	9	99
0.184313725	59	9	100
0.188235294	61	9	101
0.192156863	62	9	102
0.196078431	64	10	103
0.2	66	10	104
0.203921569	68	10	104
0.207843137	69	10	105
0.211764706	71	11	106
0.215686275	73	11	106
0.219607843	74	12	107
0.223529412	76	12	107
0.22745098	77	13	108
0.231372549	79	13	108
0.235294118	81	14	108
0.239215686	82	14	109
0.243137255	84	15	109
0.247058824	85	15	109
0.250980392	87	16	110
0.254901961	89	16	110
0.258823529	90	17	110
0.262745098	92	18	110
0.266666667	93	18	110
0.270588235	95	19	110
0.274509804	97	19	110
0.278431373	98	20	110
0.282352941	100	21	110
0.28627451	101	21	110
0.290196078	103	22	110
0.294117647	105	22	110
0.298039216	106	23	110
0.301960784	108	24	110
0.305882353	109	24	110
0.309803922	111	25	110
0.31372549	113	25	110
0.317647059	114	26	110
0.321568627	116	26	110
0.325490196	117	27	110
0.329411765	119	28	109
0.333333333	120	28	109
0.337254902	122	29	109
0.341176471	124	29	109
0.345098039	125	30	109
0.349019608	127	30	108
0.352941176	128	31	108
0.356862745	130	32	108
0.360784314	132	32	107
0.364705882	133	33	107
0.368627451	135	33	107
0.37254902	136	34	106
0.376470588	138	34	106
0.380392157	140	35	105
0.384313725	141	35	105
0.388235294	143	36	105
0.392156863	144	37	104
0.396078431	146	37	104
0.4	147	38	103
0.403921569	149	38	103
0.407843137	151	39	102
0.411764706	152	39	102
0.415686275	154	40	101
0.419607843	155	41	100
0.423529412	157	41	100
0.42745098	159	42	99
0.431372549	160	42	99
0.435294118	162	43	98
0.439215686	163	44	97
0.443137255	165	44	96
0.447058824	166	45	96
0.450980392	168	46	95
0.454901961	169	46	94
0.458823529	171	47	94
0.462745098	173	48	93
0.466666667	174	48	92
0.470588235	176	49	91
0.474509804	177	50	90
0.478431373	179	50	90
0.482352941	180	51	89
0.48627451	182	52	88
0.490196078	183	53	87
0.494117647	185	53	86
0.498039216	186	54	85
0.501960784	188	55	84
0.505882353	189	56	83
0.509803922	191	57	82
0.51372549	192	58	81
0.517647059	193	58	80
0.521568627	195	59	79
0.525490196	196	60	78
0.529411765	198	61	77
0.533333333	199	62	76
0.537254902	200	63	75
0.541176471	202	64	74
0.545098039	203	65	73
0.549019608	204	66	72
0.552941176	206	67	71
0.556862745	207	68	70
0.560784314	208	69	69
0.564705882	210	70	68
0.568627451	211	71	67
0.57254902	212	72	66
0.576470588	213	74	65
0.580392157	215	75	63
0.584313725	216	76	62
0.588235294	217	77	61
0.592156863	218	78	60
0.596078431	219	80	59
0.6	221	81	58
0.603921569	222	82	56
0.607843137	223	83	55
0.611764706	224	85	54
0.615686275	225	86	53
0.619607843	226	87	52
0.623529412	227	89	51
0.62745098	228	90	49
0.631372549	229	92	48
0.635294118	230	93	47
0.639215686	231	94	46
0.643137255	232	96	45
0.647058824	233	97	43
0.650980392	234	99	42
0.654901961	235	100	41
0.658823529	235	102	40
0.662745098	236	103	38
0.666666667	237	105	37
0.670588235	238	106	36
0.674509804	239	108	35
0.678431373	239	110	33
0.682352941	240	111	32
0.68627451	241	113	31
0.690196078	241	115	29
0.694117647	242	116	28
0.698039216	243	118	27
0.701960784	243	120	25
0.705882353	244	121	24
0.709803922	245	123	23
0.71372549	245	125	21
0.717647059	246	126	20
0.721568627	246	128	19
0.725490196	247	130	18
0.729411765	247	132	16
0.733333333	248	133	15
0.737254902	248	135	14
0.741176471	248	137	12
0.745098039	249	139	11
0.749019608	249	140	10
0.752941176	249	142	9
0.756862745	250	144	8
0.760784314	250	146	7
0.764705882	250	148	7
0.768627451	251	150	6
0.77254902	251	151	6
0.776470588	251	153	6
0.780392157	251	155	6
0.784313725	251	157	7
0.788235294	252	159	7
0.792156863	252	161	8
0.796078431	252	163	9
0.8	252	165	10
0.803921569	252	166	12
0.807843137	252	168	13
0.811764706	252	170	15
0.815686275	252	172	17
0.819607843	252	174	18
0.823529412	252	176	20
0.82745098	252	178	22
0.831372549	252	180	24
0.835294118	251	182	26
0.839215686	251	184	29
0.843137255	251	186	31
0.847058824	251	188	33
0.850980392	251	190	35
0.854901961	250	192	38
0.858823529	250	194	40
0.862745098	250	196	42
0.866666667	250	198	45
0.870588235	249	199	47
0.874509804	249	201	50
0.878431373	249	203	53
0.882352941	248	205	55
0.88627451	248	207	58
0.890196078	247	209	61
0.894117647	247	211	64
0.898039216	246	213	67
0.901960784	246	215	70
0.905882353	245	217	73
0.909803922	245	219	76
0.91372549	244	221	79
0.917647059	244	223	83
0.921568627	244	225	86
0.925490196	243	227	90
0.929411765	243	229	93
0.933333333	242	230	97
0.937254902	242	232	101
0.941176471	242	234	105
0.945098039	241	236	109
0.949019608	241	237	113
0.952941176	241	239	117
0.956862745	241	241	121
0.960784314	242	242	125
0.964705882	242	244	130
0.968627451	243	245	134
0.97254902	243	246	138
0.976470588	244	248	142
0.980392157	245	249	146
0.984313725	246	250	150
0.988235294	248	251	154
0.992156863	249	252	157
0.996078431	250	253	161
1	252	255	164
